1
2
3
4
6
9
10
11
13
14
15
17
18
19
20
21
23
24
25
26
29
30
32
34
35
36
39
40
41
42
44
46
48
49
51
52
55
56
60
61
62
64
68
69
71
72
77
79
80
82
83
87
89
91
95
97
99
100
101
103
106
107
108
109
112
114
115
118
119
122
123
124
126
127
131
132
134
139
141
143
145
146
148
150
152
155
156
157
161
163
164
165
169
171
176
178
180
187
188
191
192
194
196
197
198
199
200
202
203
206
207
210
214
216
218
220
224
225
227
228
229
230
231
233
234
235
236
237
239
241
243
244
246
250
251
252
256
258
260
261
262
265
266
270
273
276
277
278
279
286
289
290
293
294
298
301
303
304
305
307
312
313
314
318
321
323
324
326
327
328
330
331
332
335
336
338
339
341
342
346
352
354
358
359
361
362
363
364
371
372
373
374
376
379
380
382
383
384
385
386
387
390
392
393
397
400
405
407
409
410
415
416
417
420
423
425
426
429
431
434
435
436
437
438
439
440
441
445
448
451
456
457
461
462
463
465
467
468
470
471
472
474
475
476
479
481
482
483
484
485
486
490
491
494
495
497
499
501
503
504
505
508
511
516
517
527
528
534
537
538
539
543
544
547
551
553
555
561
562
563
569
570
572
573
576
577
579
580
581
582
585
589
590
593
598
599
601
602
604
606
608
609
611
612
613
616
617
619
620
628
631
632
639
640
641
648
649
650
652
653
655
656
658
662
665
668
669
670
671
673
674
675
676
682
685
686
688
689
691
692
693
698
699
702
703
704
705
706
708
709
712
716
717
720
722
723
725
727
730
731
732
733
734
738
739
741
743
744
747
748
751
753
757
758
759
762
763
764
767
768
772
774
781
782
785
789
791
792
793
794
795
800
801
802
806
807
808
809
810
814
815
818
819
821
822
825
827
828
829
830
831
833
836
837
839
840
842
843
844
845
846
850
851
853
855
859
860
861
862
864
868
870
871
872
873
877
878
879
881
882
884
885
887
889
891
892
894
895
896
898
899
901
902
905
909
911
912
913
914
915
916
917
919
920
922
924
926
928
929
930
931
932
933
934
937
939
942
944
945
947
951
952
953
954
955
957
958
960
961
962
965
966
967
968
969
971
973
975
976
980
982
983
989
991
993
995
996
997
1000
1001
1002
1003
1008
1011
1016
1017
1018
1019
1021
1022
1023
1025
1026
1028
1030
1031
1036
1037
1040
1041
1042
1043
1045
1047
1050
1051
1053
1056
1058
1059
1061
1064
1066
1067
1068
1070
1071
1072
1075
1076
1077
1078
1081
1085
1086
1087
1090
1091
1092
1094
1097
1099
1101
1102
1103
1104
1107
1108
1109
1110
1112
1115
1116
1117
1119
1120
1125
1126
1127
1128
1129
1130
1133
1134
1135
1137
1138
1139
1142
1144
1145
1146
1151
1153
1154
1157
1158
1162
1168
1171
1175
1178
1179
1180
1181
1182
1183
1189
1192
1194
1197
1198
1199
1200
1202
1204
1206
1207
1208
1209
1211
1212
1213
1214
1216
1217
1218
1219
1220
1221
1225
1228
1229
1230
1232
1236
1240
1241
1243
1245
1248
1249
1250
1254
1259
1260
1261
1263
1264
1266
1269
1271
1272
1274
1275
1276
1277
1278
1279
1280
1283
1284
1286
1287
1288
1289
1290
1293
1294
1295
1296
1297
1299
1301
1302
1303
1304
1306
1308
1312
1313
1318
1322
1324
1325
1326
1329
1333
1336
1338
1339
1341
1342
1344
1345
1346
1348
1349
1353
1354
1355
1356
1357
1359
1360
1361
1365
1372
1374
1375
1377
1378
1384
1386
1389
1391
1392
1393
1395
1398
1399
1401
1403
1404
1405
1406
1409
1410
1419
1420
1421
1422
1424
1425
1426
1429
1430
1433
1434
1435
1436
1437
1438
1440
1441
1443
1449
1452
1453
1454
1455
1457
1460
1464
1465
1466
1467
1469
1470
1472
1474
1480
1481
1486
1487
1488
1489
1491
1492
1495
1497
1499
1501
1504
1505
1508
1509
1512
1513
1515
1516
1519
1520
1522
1523
1525
1526
1527
1530
1531
1532
1533
1534
1535
1537
1540
1542
1545
1546
1547
1548
1552
1555
1557
1559
1562
1563
1568
1569
1571
1573
1574
1576
1577
1578
1579
1583
1584
1587
1597
1599
1600
1602
1603
1604
1606
1607
1608
1610
1612
1614
1615
1616
1617
1619
1621
1626
1631
1632
1633
1634
1635
1637
1638
1642
1644
1645
1647
1650
1653
1654
1658
1661
1662
1663
1664
1666
1667
1668
1670
1674
1675
1676
1677
1678
1681
1684
1685
1690
1691
1692
1694
1695
1696
1698
1699
1700
1703
1704
1705
1706
1707
1712
1714
1717
1718
1719
1721
1722
1724
1725
1726
1727
1733
1735
1736
1738
1740
1741
1742
1745
1746
1748
1750
1753
1754
1755
1756
1757
1758
1762
1763
1766
1767
1771
1772
1775
1778
1780
1781
1782
1786
1787
1788
1789
1790
1791
1792
1796
1797
1798
1799
1802
1806
1807
1810
1811
1814
1817
1820
1824
1825
1827
1828
1831
1834
1836
1837
1840
1844
1845
1847
1848
1849
1850
1851
1854
1855
1858
1859
1860
1861
1864
1866
1867
1868
1870
1879
1882
1884
1888
1889
1895
1896
1897
1898
1899
1901
1904
1905
1911
1915
1917
1918
1920
1921
1922
1925
1930
1932
1933
1935
1936
1937
1941
1942
1945
1946
1947
1956
1958
1959
1961
1962
1964
1965
1966
1970
1971
1972
1977
1978
1979
1980
1982
1985
1987
1988
1991
1993
1995
1996
1997
1998
2001
2003
2008
2011
2014
2016
2018
2020
2024
2025
2026
2027
2028
2031
2036
2037
2042
2043
2044
2050
2051
2052
2053
2054
2055
2057
2059
2060
2065
2066
2070
2071
2073
2075
2077
2078
2081
2083
2084
2085
2086
2090
2091
2093
2094
2095
2096
2098
2100
2104
2106
2109
2110
2112
2113
2115
2116
2118
2119
2120
2121
2122
2124
2125
2126
2127
2128
2130
2132
2133
2134
2135
2136
2138
2140
2141
2143
2144
2146
2147
2148
2150
2151
2152
2155
2157
2158
2159
2163
2166
2167
2168
2171
2174
2175
2176
2177
2178
2181
2182
2183
2186
2188
2191
2192
2194
2195
2196
2197
2198
2200
2202
2203
2204
2205
2206
2209
2212
2213
2214
2216
2218
2224
2234
2235
2237
2239
2242
2244
2245
2246
2249
2250
2251
2253
2254
2255
2257
2259
2261
2262
2263
2270
2273
2274
2276
2277
2280
2283
2285
2286
2287
2290
2291
2292
2294
2295
2296
2298
2299
2300
2301
2302
2306
2308
2309
2310
2311
2312
2314
2317
2319
2320
2322
2323
2328
2331
2332
2333
2337
2340
2344
2345
2347
2348
2351
2353
2355
2356
2357
2362
2363
2364
2365
2368
2370
2371
2372
2373
2375
2377
2378
2380
2381
2385
2388
2391
2395
2399
2400
2402
2406
2410
2412
2415
2418
2419
2422
2424
2425
2427
2428
2431
2432
2433
2435
2436
2437
2438
2439
2441
2442
2443
2444
2445
2447
2448
2450
2451
2452
2453
2454
2455
2456
2457
2460
2461
2463
2464
2465
2467
2469
2470
2473
2475
2477
2478
2479
2480
2483
2484
2486
2489
2490
2491
2492
2493
2494
2497
2499
2500
2501
2503
2506
2507
2509
2510
2511
2512
2513
2516
2517
2518
2519
2520
2522
2525
2526
2530
2533
2534
2537
2540
2544
2545
2555
2557
2558
2559
2561
2562
2563
2564
2565
2566
2568
2569
2570
2571
2572
2576
2580
2581
2582
2583
2584
2585
2586
2587
2589
2592
2593
2594
2598
2599
2601
2603
2604
2609
2612
2613
2614
2616
2621
2624
2626
2627
2629
2632
2633
2634
2635
2638
2639
2640
2642
2644
2645
2646
2647
2649
2651
2652
2653
2654
2656
2657
2659
2660
2663
2666
2669
2670
2671
2673
2674
2675
2676
2679
2680
2682
2683
2685
2686
2687
2688
2692
2693
2694
2696
2699
2700
2702
2704
2705
2706
2707
2708
2709
2710
2712
2715
2716
2718
2719
2721
2722
2726
2727
2728
2729
2730
2731
2733
2736
2737
2738
2740
2741
2742
2744
2751
2753
2756
2757
2758
2760
2763
2764
2766
2768
2769
2771
2772
2774
2776
2777
2778
2784
2786
2792
2793
2796
2797
2798
2801
2804
2805
2806
2807
2809
2811
2812
2813
2814
2818
2819
2821
2822
2823
2828
2829
2831
2832
2835
2838
2841
2842
2844
2845
2847
2849
2850
2851
2854
2857
2858
2859
2863
2864
2865
2866
2868
2870
2878
2885
2886
2890
2891
2893
2894
2895
2896
2897
2898
2905
2907
2909
2910
2913
2914
2921
2926
2927
2928
2929
2930
2932
2933
2934
2937
2939
2940
2941
2942
2943
2944
2945
2946
2949
2952
2953
2954
2955
2956
2957
2958
2960
2962
2963
2964
2965
2967
2968
2971
2973
2976
2979
2982
2983
2984
2985
2987
2989
2992
2994
2995
2996
3001
3004
3005
3006
3007
3010
3011
3023
3027
3028
3029
3031
3032
3033
3036
3040
3041
3044
3045
3049
3050
3053
3055
3057
3059
3060
3061
3062
3063
3065
3069
3070
3073
3074
3079
3081
3085
3088
3090
3091
3093
3097
3101
3102
3103
3106
3107
3108
3109
3111
3112
3113
3114
3115
3118
3120
3122
3124
3131
3133
3134
3142
3143
3152
3156
3158
3159
3164
3165
3169
3170
3171
3176
3177
3179
3181
3185
3188
3189
3190
3191
3192
3193
3194
3195
3198
3201
3205
3206
3207
3208
3209
3211
3214
3216
3225
3226
3227
3228
3230
3232
3233
3234
3235
3237
3239
3240
3241
3243
3254
3255
3257
3258
3262
3265
3270
3272
3274
3276
3279
3280
3282
3286
3287
3288
3292
3293
3295
3297
3299
3306
3308
3311
3312
3313
3314
3316
3318
3324
3326
3329
3330
3333
3334
3336
3337
3338
3339
3341
3343
3344
3345
3346
3347
3351
3353
3355
3356
3358
3359
3360
3361
3362
3363
3366
3368
3369
3371
3372
3374
3376
3377
3379
3382
3384
3385
3387
3388
3390
3394
3395
3396
3397
3399
3400
3404
3407
3408
3410
3414
3415
3418
3420
3421
3423
3424
3425
3427
3428
3433
3434
3439
3440
3442
3444
3445
3447
3448
3450
3451
3453
3455
3458
3461
3462
3464
3465
3466
3468
3469
3471
3472
3473
3474
3477
3478
3479
3481
3484
3485
3489
3491
3493
3494
3495
3497
3498
3500
3501
3502
3503
3506
3507
3508
3509
3510
3513
3514
3521
3522
3523
3524
3525
3526
3527
3535
3536
3537
3541
3545
3548
3549
3551
3555
3558
3562
3569
3570
3571
3572
3573
3574
3579
3580
3581
3585
3586
3587
3588
3589
3592
3593
3594
3595
3600
3602
3604
3606
3608
3609
3610
3611
3613
3617
3618
3619
3620
3621
3622
3623
3624
3631
3632
3634
3635
3639
3641
3644
3645
3647
3648
3649
3652
3653
3655
3657
3659
3660
3661
3663
3665
3666
3667
3668
3669
3670
3671
3675
3676
3677
3678
3681
3682
3683
3684
3685
3686
3689
3692
3693
3694
3695
3698
3703
3708
3709
3711
3712
3713
3715
3718
3722
3727
3733
3735
3739
3740
3742
3743
3746
3747
3753
3754
3756
3759
3760
3762
3770
3771
3772
3773
3774
3777
3778
3779
3782
3783
3784
3785
3786
3787
3788
3792
3797
3798
3802
3805
3808
3809
3815
3816
3817
3819
3820
3821
3829
3831
3832
3835
3838
3841
3843
3844
3846
3851
3853
3854
3855
3862
3863
3864
3865
3867
3868
3869
3870
3872
3873
3875
3877
3879
3882
3884
3886
3887
3893
3894
3895
3900
3901
3904
3906
3911
3914
3915
3918
3919
3922
3923
3924
3926
3927
3929
3930
3933
3936
3938
3939
3941
3949
3950
3951
3952
3953
3955
3958
3959
3960
3961
3962
3963
3964
3967
3969
3970
3971
3972
3974
3976
3977
3981
3984
3985
3987
3993
3994
3995
3998
3999
4001
4002
4003
4005
4009
4011
4014
4015
4018
4019
4021
4022
4024
4026
4027
4030
4033
4035
4036
4037
4040
4044
4045
4046
4048
4049
4050
4052
4053
4054
4055
4056
4057
4059
4060
4069
4071
4073
4075
4078
4079
4082
4088
4089
4090
4092
4093
4095
4096
4099
4100
4101
4102
4103
4106
4109
4113
4114
4117
4118
4120
4121
4122
4123
4127
4129
4130
4131
4132
4133
4135
4136
4138
4141
4142
4143
4144
4145
4146
4148
4150
4151
4154
4162
4163
4164
4166
4167
4173
4174
4175
4179
4180
4181
4182
4183
4185
4188
4189
4190
4192
4197
4198
4200
4202
4204
4209
4212
4213
4215
4216
4218
4220
4221
4224
4226
4228
4234
4236
4237
4238
4239
4242
4244
4250
4251
4253
4255
4256
4262
4263
4267
4269
4272
4273
4276
4278
4279
4280
4281
4283
4285
4288
4289
4294
4295
4296
4297
4298
4300
4301
4303
4305
4311
4313
4315
4316
4317
4318
4319
4321
4322
4323
4325
4327
4328
4329
4330
4334
4336
4338
4339
4342
4344
4345
4346
4347
4349
4351
4352
4353
4354
4357
4358
4360
4364
4365
4366
4368
4372
4373
4374
4375
4376
4378
4379
4381
4382
4383
4386
4388
4390
4391
4392
4396
4399
4400
4403
4405
4406
4407
4408
4409
4410
4411
4412
4416
4419
4420
4421
4422
4423
4429
4430
4431
4434
4435
4436
4437
4439
4440
4442
4446
4451
4454
4455
4457
4459
4460
4461
4467
4469
4470
4471
4474
4480
4481
4482
4485
4490
4491
4493
4496
4497
4499
4502
4503
4506
4507
4508
4510
4512
4514
4517
4518
4520
4521
4523
4524
4525
4526
4527
4528
4532
4533
4534
4535
4537
4539
4541
4544
4547
4550
4551
4553
4554
4555
4557
4558
4568
4572
4576
4578
4579
4580
4582
4583
4588
4589
4590
4596
4597
4600
4602
4603
4604
4605
4606
4607
4609
4610
4611
4613
4615
4616
4622
4623
4624
4625
4626
4628
4629
4634
4635
4637
4639
4640
4644
4645
4648
4649
4650
4651
4654
4655
4656
4657
4661
4663
4664
4665
4666
4669
4670
4673
4675
4678
4681
4682
4683
4689
4693
4696
4697
4698
4701
4703
4705
4706
4707
4711
4714
4717
4720
4722
4724
4726
4727
4728
4729
4730
4732
4733
4734
4735
4737
4738
4739
4740
4741
4742
4743
4747
4749
4750
4753
4754
4760
4762
4763
4767
4768
4770
4773
4774
4775
4777
4778
4779
4781
4782
4783
4784
4785
4788
4789
4790
4794
4799
4801
4802
4803
4804
4805
4806
4807
4808
4809
4815
4820
4821
4823
4825
4826
4827
4828
4831
4832
4835
4837
4840
4841
4842
4844
4845
4848
4852
4853
4858
4859
4860
4863
4865
4868
4869
4870
4871
4872
4873
4876
4878
4879
4886
4889
4890
4892
4894
4896
4899
4902
4904
4905
4907
4908
4909
4910
4912
4913
4914
4915
4916
4918
4924
4926
4927
4928
4929
4931
4934
4936
4938
4939
4940
4941
4942
4944
4948
4949
4950
4951
4953
4954
4955
4956
4957
4960
4961
4965
4967
4973
4975
4976
4977
4979
4981
4982
4983
4984
4986
4988
4992
4993
4999
5000
5002
5003
5006
5007
5010
5011
5013
5014
5016
5018
5019
5020
5021
5023
5024
5025
5027
5028
5030
5031
5032
5033
5035
5036
5037
5038
5039
5042
5043
5046
5048
5050
5052
5054
5055
5057
5058
5060
5067
5068
5070
5071
5077
5081
5083
5086
5087
5090
5091
5094
5095
5096
5097
5098
5104
5106
5107
5109
5111
5112
5113
5114
5117
5121
5123
5124
5125
5126
5131
5132
5135
5139
5140
5142
5144
5146
5151
5154
5155
5156
5157
5159
5160
5162
5165
5168
5169
5171
5172
5174
5177
5181
5182
5183
5184
5186
5187
5188
5189
5191
5194
5195
5196
5197
5206
5207
5208
5209
5215
5216
5219
5224
5226
5229
5230
5232
5235
5238
5239
5240
5241
5244
5246
5249
5250
5251
5252
5253
5254
5255
5257
5258
5260
5261
5263
5266
5268
5269
5271
5276
5277
5278
5279
5280
5281
5284
5287
5288
5290
5291
5292
5297
5299
5301
5303
5305
5306
5307
5308
5311
5312
5316
5317
5321
5323
5326
5329
5330
5334
5335
5336
5338
5340
5342
5343
5344
5345
5348
5353
5354
5356
5357
5362
5364
5365
5369
5372
5375
5379
5382
5383
5385
5386
5387
5389
5390
5391
5396
5399
5403
5408
5409
5410
5411
5414
5415
5419
5422
5423
5424
5426
5428
5430
5432
5433
5438
5439
5441
5447
5448
5449
5451
5454
5456
5457
5462
5464
5467
5468
5469
5470
5471
5472
5473
5478
5479
5480
5482
5483
5488
5489
5492
5494
5495
5497
5498
5499
5500
5502
5504
5507
5508
5510
5513
5514
5515
5521
5522
5523
5525
5526
5528
5529
5530
5533
5535
5536
5538
5539
5540
5541
5549
5552
5554
5556
5557
5558
5559
5561
5567
5569
5570
5571
5572
5574
5576
5579
5582
5583
5586
5587
5588
5590
5591
5592
5594
5595
5598
5599
5600
5602
5604
5606
5611
5613
5614
5615
5616
5619
5620
5622
5624
5626
5629
5630
5631
5635
5636
5640
5641
5643
5645
5648
5650
5652
5653
5655
5656
5657
5658
5662
5663
5665
5666
5668
5669
5670
5672
5673
5674
5676
5677
5678
5682
5683
5684
5687
5688
5690
5693
5697
5698
5700
5701
5702
5707
5708
5709
5710
5711
5718
5723
5725
5726
5728
5733
5734
5735
5740
5741
5742
5743
5745
5750
5751
5752
5754
5756
5758
5759
5763
5765
5774
5776
5777
5778
5780
5782
5786
5787
5788
5791
5793
5796
5799
5800
5802
5803
5806
5807
5808
5809
5810
5811
5812
5815
5819
5822
5823
5824
5827
5828
5829
5831
5832
5838
5841
5845
5847
5848
5849
5853
5855
5856
5857
5859
5860
5861
5865
5873
5875
5876
5878
5879
5881
5882
5884
5885
5887
5888
5893
5894
5896
5897
5898
5901
5902
5905
5907
5910
5913
5914
5919
5921
5924
5925
5926
5927
5928
5933
5935
5938
5940
5941
5945
5948
5949
5951
5953
5954
5955
5958
5960
5961
5962
5966
5967
5968
5971
5972
5974
5977
5979
5981
5983
5984
5990
5991
5993
6000
6001
6004
6005
6006
6008
6009
6010
6011
6012
6015
6016
6018
6019
6020
6022
6024
6026
6027
6031
6037
6038
6039
6040
6041
6042
6043
6044
6045
6046
6047
6049
6051
6055
6056
6058
6059
6060
6063
6064
6065
6066
6067
6068
6069
6076
6077
6078
6079
6080
6081
6082
6084
6086
6088
6089
6090
6092
6093
6094
6095
6097
6099
6100
6103
6105
6107
6113
6114
6120
6121
6122
6123
6126
6127
6128
6130
6131
6134
6136
6139
6140
6141
6142
6143
6147
6148
6149
6150
6153
6156
6158
6163
6174
6175
6177
6180
6181
6188
6191
6195
6197
6198
6199
6200
6202
6204
6205
6207
6208
6209
6211
6212
6217
6218
6219
6222
6223
6228
6229
6230
6233
6234
6235
6237
6238
6239
6240
6244
6247
6248
6251
6254
6255
6257
6259
6261
6262
6264
6266
6273
6275
6280
6281
6284
6285
6288
6294
6295
6297
6302
6303
6305
6306
6307
6309
6310
6311
6312
6315
6325
6326
6328
6329
6331
6334
6338
6339
6342
6343
6344
6346
6347
6348
6350
6355
6359
6361
6362
6366
6368
6369
6370
6376
6378
6379
6381
6382
6383
6384
6388
6389
6390
6391
6392
6393
6397
6399
6400
6401
6402
6405
6407
6408
6409
6410
6413
6414
6417
6419
6420
6425
6426
6429
6434
6435
6436
6437
6438
6440
6443
6444
6445
6447
6448
6449
6450
6452
6455
6456
6457
6458
6459
6461
6462
6463
6466
6468
6469
6472
6476
6480
6481
6483
6485
6486
6489
6491
6492
6493
6495
6497
6498
6499
6501
6504
6508
6512
6513
6514
6516
6517
6518
6519
6520
6522
6523
6524
6526
6527
6529
6531
6533
6535
6536
6537
6539
6544
6545
6546
6547
6548
6549
6552
6554
6556
6557
6558
6560
6561
6562
6564
6565
6568
6569
6570
6571
6572
6574
6576
6577
6578
6580
6584
6586
6588
6591
6592
6596
6600
6604
6605
6608
6609
6618
6620
6623
6624
6626
6627
6634
6635
6636
6639
6640
6642
6643
6645
6646
6647
6648
6650
6653
6654
6656
6663
6665
6666
6669
6670
6671
6672
6673
6676
6677
6678
6682
6683
6685
6686
6687
6688
6690
6691
6692
6693
6694
6699
6701
6702
6704
6706
6709
6711
6716
6717
6720
6725
6726
6730
6732
6737
6739
6741
6742
6745
6747
6753
6754
6755
6757
6759
6760
6761
6762
6763
6765
6767
6770
6771
6774
6775
6776
6777
6779
6780
6781
6782
6787
6788
6789
6790
6794
6795
6797
6799
6800
6801
6802
6803
6804
6810
6811
6812
6816
6818
6820
6823
6828
6829
6832
6833
6834
6835
6836
6837
6838
6840
6844
6845
6846
6847
6849
6851
6852
6854
6858
6860
6869
6870
6874
6878
6886
6889
6891
6893
6896
6898
6899
6901
6902
6903
6904
6907
6910
6914
6915
6917
6920
6921
6923
6928
6930
6932
6933
6935
6937
6941
6944
6945
6950
6952
6954
6955
6956
6957
6959
6960
6961
6962
6965
6967
6969
6970
6971
6972
6973
6975
6977
6978
6980
6983
6985
6987
6988
6992
6997
6998
7000
7002
7004
7006
7008
7009
7011
7015
7017
7018
7020
7025
7026
7027
7028
7031
7034
7038
7040
7041
7044
7045
7046
7048
7050
7051
7055
7059
7060
7061
7063
7065
7066
7068
7069
7070
7072
7073
7075
7083
7084
7086
7090
7094
7099
7100
7102
7103
7107
7108
7109
7113
7114
7115
7117
7119
7120
7121
7123
7128
7130
7133
7134
7136
7140
7141
7144
7145
7148
7149
7150
7152
7156
7157
7159
7160
7161
7165
7166
7167
7170
7175
7176
7179
7181
7183
7186
7187
7188
7191
7195
7198
7199
7201
7202
7203
7204
7205
7206
7210
7211
7213
7218
7219
7220
7221
7222
7223
7224
7226
7230
7231
7233
7235
7237
7240
7243
7246
7247
7250
7253
7254
7255
7258
7259
7264
7266
7268
7269
7270
7271
7273
7275
7276
7277
7279
7281
7282
7283
7284
7285
7286
7288
7289
7290
7294
7295
7296
7298
7300
7301
7302
7304
7310
7313
7314
7316
7321
7323
7325
7328
7337
7338
7339
7340
7341
7342
7343
7344
7345
7346
7347
7348
7351
7352
7353
7355
7357
7358
7362
7366
7367
7370
7373
7374
7376
7378
7382
7383
7386
7387
7388
7391
7392
7396
7400
7401
7403
7404
7405
7406
7407
7408
7410
7413
7416
7417
7420
7424
7427
7429
7431
7433
7434
7438
7439
7440
7444
7445
7446
7447
7450
7452
7454
7455
7456
7459
7460
7463
7472
7473
7474
7475
7479
7481
7485
7486
7488
7489
7490
7494
7496
7501
7502
7503
7505
7506
7508
7509
7511
7512
7513
7514
7515
7519
7520
7522
7525
7526
7530
7532
7534
7535
7538
7539
7540
7542
7543
7545
7547
7548
7553
7554
7555
7556
7559
7563
7565
7566
7567
7568
7569
7570
7573
7576
7580
7584
7588
7591
7592
7594
7595
7596
7598
7599
7600
7601
7602
7605
7609
7612
7613
7617
7618
7619
7620
7622
7624
7625
7626
7628
7629
7632
7633
7635
7636
7642
7643
7644
7645
7646
7648
7649
7650
7654
7657
7660
7662
7663
7665
7667
7668
7672
7674
7675
7679
7681
7682
7684
7686
7687
7688
7692
7693
7694
7695
7697
7699
7702
7706
7707
7708
7709
7711
7714
7716
7720
7722
7723
7726
7728
7729
7730
7737
7739
7741
7742
7743
7744
7745
7746
7748
7751
7752
7754
7756
7757
7760
7762
7765
7766
7768
7771
7773
7775
7776
7777
7779
7782
7785
7787
7790
7791
7793
7803
7805
7810
7811
7812
7816
7818
7823
7824
7825
7826
7828
7829
7830
7833
7836
7838
7839
7840
7841
7842
7844
7846
7847
7851
7852
7855
7859
7860
7862
7864
7865
7867
7868
7869
7870
7871
7873
7874
7878
7880
7883
7885
7886
7887
7888
7889
7895
7898
7899
7900
7902
7903
7905
7907
7910
7915
7916
7917
7922
7926
7927
7930
7932
7935
7936
7937
7938
7939
7940
7944
7947
7951
7952
7953
7956
7957
7959
7965
7969
7974
7975
7978
7980
7981
7982
7983
7989
7993
7997
7998
8000
8001
8002
8006
8007
8008
8010
8011
8013
8015
8016
8017
8018
8020
8023
8024
8025
8026
8028
8030
8034
8035
8039
8040
8041
8042
8043
8044
8045
8048
8049
8052
8053
8055
8058
8059
8060
8063
8065
8066
8067
8068
8073
8074
8076
8081
8083
8084
8085
8086
8088
8089
8090
8097
8102
8103
8104
8109
8114
8115
8116
8118
8120
8122
8124
8126
8128
8130
8134
8135
8138
8139
8143
8144
8148
8149
8151
8153
8154
8155
8157
8159
8160
8162
8164
8170
8171
8173
8175
8176
8180
8185
8187
8188
8189
8190
8199
8203
8204
8205
8208
8209
8210
8213
8215
8216
8218
8221
8223
8224
8225
8229
8230
8231
8232
8233
8235
8236
8237
8239
8240
8241
8243
8244
8245
8250
8251
8253
8255
8257
8259
8260
8261
8262
8263
8264
8265
8266
8268
8271
8274
8275
8276
8277
8278
8280
8281
8283
8288
8290
8293
8295
8297
8298
8301
8303
8305
8306
8308
8309
8310
8311
8313
8316
8321
8322
8323
8325
8326
8327
8330
8331
8333
8336
8337
8340
8341
8344
8346
8349
8350
8351
8352
8353
8356
8357
8358
8359
8360
8361
8363
8364
8365
8366
8367
8370
8372
8376
8378
8379
8382
8383
8385
8387
8391
8395
8397
8398
8399
8403
8406
8407
8408
8409
8410
8411
8413
8415
8416
8417
8418
8419
8420
8423
8427
8428
8429
8431
8432
8433
8434
8435
8442
8443
8445
8447
8448
8449
8452
8453
8455
8457
8459
8460
8461
8463
8464
8466
8467
8469
8470
8471
8475
8476
8477
8481
8482
8483
8484
8486
8488
8489
8490
8491
8492
8493
8494
8499
8502
8503
8504
8505
8506
8510
8512
8521
8523
8524
8525
8527
8528
8529
8530
8532
8534
8536
8537
8541
8547
8549
8550
8552
8553
8557
8558
8559
8560
8562
8564
8566
8567
8569
8572
8573
8576
8578
8580
8582
8584
8591
8592
8596
8597
8599
8600
8602
8604
8605
8609
8610
8612
8613
8615
8616
8618
8619
8620
8621
8624
8625
8628
8629
8630
8631
8632
8634
8635
8636
8637
8638
8641
8642
8643
8644
8652
8654
8655
8658
8660
8661
8663
8666
8668
8669
8670
8674
8676
8677
8678
8682
8685
8687
8688
8691
8696
8699
8700
8701
8702
8703
8704
8706
8708
8709
8711
8713
8719
8720
8721
8723
8724
8727
8730
8731
8732
8734
8737
8738
8742
8746
8748
8751
8754
8755
8756
8760
8761
8762
8764
8765
8771
8772
8773
8774
8777
8778
8779
8780
8781
8782
8784
8786
8789
8791
8792
8793
8795
8796
8797
8798
8802
8803
8807
8809
8810
8811
8812
8813
8815
8818
8819
8820
8822
8824
8825
8828
8829
8831
8832
8834
8839
8840
8841
8843
8847
8848
8850
8852
8854
8855
8856
8857
8858
8859
8860
8861
8862
8863
8864
8869
8870
8871
8873
8879
8880
8882
8883
8885
8886
8890
8891
8893
8896
8898
8901
8907
8913
8919
8922
8923
8925
8926
8928
8930
8931
8932
8933
8934
8937
8940
8942
8943
8944
8947
8950
8953
8958
8962
8963
8965
8968
8969
8971
8972
8975
8976
8980
8981
8989
8997
9000
9001
9002
9003
9007
9009
9010
9011
9013
9015
9016
9018
9019
9023
9024
9025
9027
9028
9030
9033
9037
9039
9040
9041
9042
9043
9044
9046
9047
9048
9049
9050
9051
9052
9058
9059
9060
9063
9069
9072
9073
9075
9076
9077
9078
9080
9082
9084
9085
9086
9088
9089
9090
9091
9096
9097
9098
9099
9100
9103
9105
9108
9109
9112
9116
9117
9118
9119
9120
9122
9125
9128
9129
9135
9139
9140
9143
9144
9147
9150
9153
9154
9157
9158
9159
9164
9166
9170
9171
9172
9174
9176
9177
9178
9179
9180
9184
9185
9187
9189
9192
9193
9194
9197
9198
9200
9202
9203
9204
9205
9206
9208
9210
9215
9216
9218
9219
9221
9222
9226
9228
9230
9231
9234
9238
9241
9244
9245
9247
9250
9252
9255
9260
9263
9265
9268
9271
9272
9274
9275
9276
9278
9280
9288
9290
9292
9294
9296
9298
9303
9305
9306
9307
9309
9310
9311
9312
9315
9318
9320
9323
9324
9325
9326
9327
9328
9329
9334
9339
9341
9342
9347
9348
9350
9351
9354
9355
9359
9360
9361
9362
9367
9369
9370
9371
9374
9375
9377
9379
9383
9387
9388
9389
9395
9397
9399
9401
9402
9404
9408
9413
9414
9417
9418
9419
9420
9425
9427
9428
9438
9440
9441
9444
9445
9446
9450
9452
9453
9455
9461
9463
9467
9469
9471
9475
9476
9484
9485
9486
9487
9488
9489
9490
9492
9494
9495
9498
9499
9500
9501
9502
9503
9504
9507
9509
9510
9513
9518
9519
9521
9522
9525
9528
9530
9534
9539
9541
9543
9549
9553
9554
9560
9561
9562
9563
9564
9565
9567
9568
9569
9570
9572
9576
9578
9579
9583
9586
9587
9592
9593
9594
9596
9597
9599
9601
9602
9603
9605
9611
9612
9613
9614
9615
9620
9621
9622
9623
9626
9627
9630
9632
9637
9638
9639
9640
9643
9644
9647
9652
9653
9655
9656
9657
9658
9659
9661
9662
9663
9666
9667
9670
9671
9672
9673
9675
9676
9677
9678
9687
9691
9692
9695
9697
9698
9702
9704
9705
9707
9708
9711
9712
9713
9714
9719
9720
9724
9728
9730
9731
9734
9737
9739
9741
9743
9747
9749
9750
9752
9753
9754
9756
9757
9760
9768
9770
9771
9772
9774
9775
9776
9781
9782
9783
9785
9787
9789
9791
9793
9797
9798
9799
9800
9802
9803
9804
9805
9806
9807
9811
9813
9815
9816
9817
9818
9823
9825
9828
9832
9833
9837
9839
9841
9846
9847
9848
9849
9852
9855
9856
9861
9862
9863
9868
9874
9875
9876
9877
9882
9884
9886
9890
9891
9893
9894
9898
9899
9900
9902
9903
9909
9913
9917
9918
9922
9924
9925
9926
9928
9929
9930
9933
9938
9939
9941
9943
9949
9950
9951
9957
9959
9962
9966
9967
9968
9969
9970
9971
9974
9976
9979
9981
9982
9985
9988
9993
9994
9996
10001
10003
10004
10005
10006
10007
10008
10012
10013
10014
10018
10021
10022
10025
10027
10030
10034
10035
10037
10038
10039
10040
10043
10045
10046
10047
10048
10049
10050
10051
10053
10055
10057
10058
10062
10065
10066
10068
10069
10070
10072
10074
10075
10077
10078
10080
10082
10084
10086
10087
10089
10090
10093
10097
10100
10102
10103
10104
10105
10107
10109
10112
10115
10117
10119
10120
10122
10124
10125
10130
10134
10136
10138
10139
10140
10148
10152
10154
10155
10156
10157
10158
10160
10161
10163
10165
10168
10170
10173
10174
10175
10176
10177
10179
10181
10185
10187
10188
10189
10191
10193
10197
10198
10204
10205
10208
10211
10213
10214
10215
10216
10217
10218
10219
10220
10221
10222
10224
10225
10229
10230
10232
10235
10237
10241
10242
10245
10247
10250
10251
10255
10257
10259
10260
10263
10265
10267
10270
10271
10273
10276
10278
10279
10281
10283
10286
10287
10288
10290
10291
10293
10294
10295
10298
10299
10302
10308
10310
10312
10314
10315
10318
10320
10322
10326
10327
10328
10329
10330
10331
10334
10335
10339
10340
10341
10342
10343
10344
10346
10347
10354
10355
10356
10358
10363
10364
10367
10368
10370
10371
10374
10376
10382
10383
10386
10387
10388
10389
10392
10395
10396
10398
10400
10401
10403
10406
10408
10409
10410
10411
10412
10413
10416
10417
10423
10426
10427
10428
10431
10435
10436
10438
10442
10443
10445
10448
10450
10451
10452
10454
10455
10457
10458
10459
10465
10467
10468
10469
10471
10475
10479
10480
10481
10482
10484
10485
10487
10491
10492
10494
10495
10499
10501
10502
10506
10510
10512
10513
10522
10523
10527
10528
10530
10532
10535
10537
10542
10547
10548
10550
10551
10553
10556
10560
10563
10564
10570
10571
10572
10575
10577
10579
10581
10583
10587
10588
10589
10595
10596
10598
10599
10600
10602
10603
10604
10605
10607
10610
10611
10615
10620
10621
10622
10624
10626
10627
10632
10633
10634
10635
10636
10637
10638
10640
10646
10647
10649
10654
10655
10656
10657
10658
10665
10666
10669
10670
10672
10674
10675
10678
10679
10680
10681
10685
10686
10689
10691
10693
10694
10697
10698
10701
10703
10704
10705
10706
10708
10709
10710
10711
10712
10713
10716
10718
10721
10722
10724
10726
10728
10730
10732
10734
10738
10740
10742
10744
10746
10747
10748
10749
10750
10754
10758
10759
10761
10762
10765
10766
10771
10772
10774
10776
10777
10779
10783
10784
10786
10787
10788
10791
10792
10793
10795
10796
10799
10800
10801
10802
10803
10807
10809
10813
10814
10816
10817
10822
10823
10825
10826
10828
10829
10832
10833
10835
10836
10838
10839
10841
10843
10844
10846
10848
10851
10852
10853
10855
10858
10860
10862
10863
10864
10865
10866
10869
10871
10872
10873
10874
10876
10878
10881
10882
10883
10884
10890
10892
10894
10897
10899
10900
10901
10904
10906
10907
10908
10909
10911
10912
10913
10921
10924
10925
10926
10927
10929
10930
10932
10933
10936
10939
10943
10947
10948
10949
10950
10953
10955
10956
10957
10958
10965
10967
10968
10971
10972
10973
10974
10977
10978
10979
10980
10983
10984
10986
10987
10989
10991
10993
10994
10996
10997
11001
11002
11003
11006
11007
11008
11010
11011
11013
11015
11017
11018
11021
11024
11028
11032
11035
11037
11043
11053
11054
11055
11057
11058
11062
11065
11068
11069
11071
11074
11076
11078
11079
11081
11082
11083
11087
11089
11090
11095
11097
11099
11100
11101
11106
11107
11109
11112
11113
11114
11116
11117
11120
11124
11125
11129
11131
11136
11137
11139
11140
11142
11144
11147
11148
11150
11152
11154
11156
11158
11160
11161
11163
11169
11172
11173
11174
11180
11186
11188
11190
11196
11200
11201
11206
11207
11208
11209
11210
11211
11212
11213
11214
11215
11216
11217
11218
11219
11220
11222
11223
11224
11226
11227
11230
11231
11232
11233
11235
11236
11237
11238
11240
11243
11244
11245
11247
11248
11250
11252
11253
11254
11259
11260
11264
11265
11267
11268
11270
11272
11273
11274
11275
11277
11279
11281
11282
11283
11284
11287
11289
11297
11299
11301
11303
11307
11309
11312
11314
11316
11322
11326
11330
11332
11333
11334
11336
11337
11341
11342
11343
11346
11347
11348
11350
11351
11353
11355
11358
11359
11360
11364
11365
11366
11367
11369
11370
11372
11373
11376
11378
11379
11380
11383
11384
11385
11387
11393
11394
11402
11404
11405
11406
11407
11408
11409
11416
11421
11422
11424
11425
11426
11428
11432
11435
11437
11440
11441
11443
11444
11446
11447
11449
11451
11453
11460
11462
11463
11464
11465
11469
11470
11473
11474
11475
11476
11479
11480
11483
11484
11489
11491
11492
11493
11494
11497
11499
11500
11501
11502
11503
11506
11509
11510
11513
11514
11516
11518
11520
11521
11522
11524
11525
11526
11527
11530
11532
11533
11534
11536
11539
11541
11543
11544
11545
11546
11547
11548
11549
11552
11553
11556
11557
11562
11564
11565
11568
11569
11570
11572
11573
11574
11575
11581
11582
11583
11586
11590
11593
11594
11595
11596
11597
11599
11601
11605
11607
11612
11613
11614
11616
11617
11621
11622
11624
11625
11627
11628
11629
11630
11632
11633
11637
11638
11640
11641
11642
11643
11644
11645
11646
11648
11649
11650
11651
11653
11654
11655
11656
11657
11661
11664
11667
11669
11670
11671
11673
11674
11677
11678
11680
11686
11687
11689
11694
11695
11696
11701
11702
11705
11706
11715
11717
11726
11727
11728
11729
11730
11732
11733
11734
11735
11737
11738
11740
11741
11743
11745
11746
11747
11748
11752
11756
11757
11760
11761
11763
11765
11767
11771
11774
11778
11780
11782
11783
11784
11785
11786
11788
11789
11790
11794
11796
11797
11798
11799
11800
11803
11806
11807
11812
11818
11819
11820
11823
11825
11826
11827
11828
11830
11835
11838
11839
11842
11843
11844
11846
11848
11849
11851
11852
11853
11858
11860
11862
11863
11866
11867
11869
