5
7
8
12
16
22
27
28
31
33
37
38
43
45
47
50
53
54
57
58
59
63
65
66
67
70
73
74
75
76
78
81
84
85
86
88
90
92
93
94
96
98
102
104
105
110
111
113
116
117
120
121
125
128
129
130
133
135
136
137
138
140
142
144
147
149
151
153
154
158
159
160
162
166
167
168
170
172
173
174
175
177
179
181
182
183
184
185
186
189
190
193
195
201
204
205
208
209
211
212
213
215
217
219
221
222
223
226
232
238
240
242
245
247
248
249
253
254
255
257
259
263
264
267
268
269
271
272
274
275
280
281
282
283
284
285
287
288
291
292
295
296
297
299
300
302
306
308
309
310
311
315
316
317
319
320
322
325
329
333
334
337
340
343
344
345
347
348
349
350
351
353
355
356
357
360
365
366
367
368
369
370
375
377
378
381
388
389
391
394
395
396
398
399
401
402
403
404
406
408
411
412
413
414
418
419
421
422
424
427
428
430
432
433
442
443
444
446
447
449
450
452
453
454
455
458
459
460
464
466
469
473
477
478
480
487
488
489
492
493
496
498
500
502
506
507
509
510
512
513
514
515
518
519
520
521
522
523
524
525
526
529
530
531
532
533
535
536
540
541
542
545
546
548
549
550
552
554
556
557
558
559
560
564
565
566
567
568
571
574
575
578
583
584
586
587
588
591
592
594
595
596
597
600
603
605
607
610
614
615
618
621
622
623
624
625
626
627
629
630
633
634
635
636
637
638
642
643
644
645
646
647
651
654
657
659
660
661
663
664
666
667
672
677
678
679
680
681
683
684
687
690
694
695
696
697
700
701
707
710
711
713
714
715
718
719
721
724
726
728
729
735
736
737
740
742
745
746
749
750
752
754
755
756
760
761
765
766
769
770
771
773
775
776
777
778
779
780
783
784
786
787
788
790
796
797
798
799
803
804
805
811
812
813
816
817
820
823
824
826
832
834
835
838
841
847
848
849
852
854
856
857
858
863
865
866
867
869
874
875
876
880
883
886
888
890
893
897
900
903
904
906
907
908
910
918
921
923
925
927
935
936
938
940
941
943
946
948
949
950
956
959
963
964
970
972
974
977
978
979
981
984
985
986
987
988
990
992
994
998
999
1004
1005
1006
1007
1009
1010
1012
1013
1014
1015
1020
1024
1027
1029
1032
1033
1034
1035
1038
1039
1044
1046
1048
1049
1052
1054
1055
1057
1060
1062
1063
1065
1069
1073
1074
1079
1080
1082
1083
1084
1088
1089
1093
1095
1096
1098
1100
1105
1106
1111
1113
1114
1118
1121
1122
1123
1124
1131
1132
1136
1140
1141
1143
1147
1148
1149
1150
1152
1155
1156
1159
1160
1161
1163
1164
1165
1166
1167
1169
1170
1172
1173
1174
1176
1177
1184
1185
1186
1187
1188
1190
1191
1193
1195
1196
1201
1203
1205
1210
1215
1222
1223
1224
1226
1227
1231
1233
1234
1235
1237
1238
1239
1242
1244
1246
1247
1251
1252
1253
1255
1256
1257
1258
1262
1265
1267
1268
1270
1273
1281
1282
1285
1291
1292
1298
1300
1305
1307
1309
1310
1311
1314
1315
1316
1317
1319
1320
1321
1323
1327
1328
1330
1331
1332
1334
1335
1337
1340
1343
1347
1350
1351
1352
1358
1362
1363
1364
1366
1367
1368
1369
1370
1371
1373
1376
1379
1380
1381
1382
1383
1385
1387
1388
1390
1394
1396
1397
1400
1402
1407
1408
1411
1412
1413
1414
1415
1416
1417
1418
1423
1427
1428
1431
1432
1439
1442
1444
1445
1446
1447
1448
1450
1451
1456
1458
1459
1461
1462
1463
1468
1471
1473
1475
1476
1477
1478
1479
1482
1483
1484
1485
1490
1493
1494
1496
1498
1500
1502
1503
1506
1507
1510
1511
1514
1517
1518
1521
1524
1528
1529
1536
1538
1539
1541
1543
1544
1549
1550
1551
1553
1554
1556
1558
1560
1561
1564
1565
1566
1567
1570
1572
1575
1580
1581
1582
1585
1586
1588
1589
1590
1591
1592
1593
1594
1595
1596
1598
1601
1605
1609
1611
1613
1618
1620
1622
1623
1624
1625
1627
1628
1629
1630
1636
1639
1640
1641
1643
1646
1648
1649
1651
1652
1655
1656
1657
1659
1660
1665
1669
1671
1672
1673
1679
1680
1682
1683
1686
1687
1688
1689
1693
1697
1701
1702
1708
1709
1710
1711
1713
1715
1716
1720
1723
1728
1729
1730
1731
1732
1734
1737
1739
1743
1744
1747
1749
1751
1752
1759
1760
1761
1764
1765
1768
1769
1770
1773
1774
1776
1777
1779
1783
1784
1785
1793
1794
1795
1800
1801
1803
1804
1805
1808
1809
1812
1813
1815
1816
1818
1819
1821
1822
1823
1826
1829
1830
1832
1833
1835
1838
1839
1841
1842
1843
1846
1852
1853
1856
1857
1862
1863
1865
1869
1871
1872
1873
1874
1875
1876
1877
1878
1880
1881
1883
1885
1886
1887
1890
1891
1892
1893
1894
1900
1902
1903
1906
1907
1908
1909
1910
1912
1913
1914
1916
1919
1923
1924
1926
1927
1928
1929
1931
1934
1938
1939
1940
1943
1944
1948
1949
1950
1951
1952
1953
1954
1955
1957
1960
1963
1967
1968
1969
1973
1974
1975
1976
1981
1983
1984
1986
1989
1990
1992
1994
1999
2000
2002
2004
2005
2006
2007
2009
2010
2012
2013
2015
2017
2019
2021
2022
2023
2029
2030
2032
2033
2034
2035
2038
2039
2040
2041
2045
2046
2047
2048
2049
2056
2058
2061
2062
2063
2064
2067
2068
2069
2072
2074
2076
2079
2080
2082
2087
2088
2089
2092
2097
2099
2101
2102
2103
2105
2107
2108
2111
2114
2117
2123
2129
2131
2137
2139
2142
2145
2149
2153
2154
2156
2160
2161
2162
2164
2165
2169
2170
2172
2173
2179
2180
2184
2185
2187
2189
2190
2193
2199
2201
2207
2208
2210
2211
2215
2217
2219
2220
2221
2222
2223
2225
2226
2227
2228
2229
2230
2231
2232
2233
2236
2238
2240
2241
2243
2247
2248
2252
2256
2258
2260
2264
2265
2266
2267
2268
2269
2271
2272
2275
2278
2279
2281
2282
2284
2288
2289
2293
2297
2303
2304
2305
2307
2313
2315
2316
2318
2321
2324
2325
2326
2327
2329
2330
2334
2335
2336
2338
2339
2341
2342
2343
2346
2349
2350
2352
2354
2358
2359
2360
2361
2366
2367
2369
2374
2376
2379
2382
2383
2384
2386
2387
2389
2390
2392
2393
2394
2396
2397
2398
2401
2403
2404
2405
2407
2408
2409
2411
2413
2414
2416
2417
2420
2421
2423
2426
2429
2430
2434
2440
2446
2449
2458
2459
2462
2466
2468
2471
2472
2474
2476
2481
2482
2485
2487
2488
2495
2496
2498
2502
2504
2505
2508
2514
2515
2521
2523
2524
2527
2528
2529
2531
2532
2535
2536
2538
2539
2541
2542
2543
2546
2547
2548
2549
2550
2551
2552
2553
2554
2556
2560
2567
2573
2574
2575
2577
2578
2579
2588
2590
2591
2595
2596
2597
2600
2602
2605
2606
2607
2608
2610
2611
2615
2617
2618
2619
2620
2622
2623
2625
2628
2630
2631
2636
2637
2641
2643
2648
2650
2655
2658
2661
2662
2664
2665
2667
2668
2672
2677
2678
2681
2684
2689
2690
2691
2695
2697
2698
2701
2703
2711
2713
2714
2717
2720
2723
2724
2725
2732
2734
2735
2739
2743
2745
2746
2747
2748
2749
2750
2752
2754
2755
2759
2761
2762
2765
2767
2770
2773
2775
2779
2780
2781
2782
2783
2785
2787
2788
2789
2790
2791
2794
2795
2799
2800
2802
2803
2808
2810
2815
2816
2817
2820
2824
2825
2826
2827
2830
2833
2834
2836
2837
2839
2840
2843
2846
2848
2852
2853
2855
2856
2860
2861
2862
2867
2869
2871
2872
2873
2874
2875
2876
2877
2879
2880
2881
2882
2883
2884
2887
2888
2889
2892
2899
2900
2901
2902
2903
2904
2906
2908
2911
2912
2915
2916
2917
2918
2919
2920
2922
2923
2924
2925
2931
2935
2936
2938
2947
2948
2950
2951
2959
2961
2966
2969
2970
2972
2974
2975
2977
2978
2980
2981
2986
2988
2990
2991
2993
2997
2998
2999
3000
3002
3003
3008
3009
3012
3013
3014
3015
3016
3017
3018
3019
3020
3021
3022
3024
3025
3026
3030
3034
3035
3037
3038
3039
3042
3043
3046
3047
3048
3051
3052
3054
3056
3058
3064
3066
3067
3068
3071
3072
3075
3076
3077
3078
3080
3082
3083
3084
3086
3087
3089
3092
3094
3095
3096
3098
3099
3100
3104
3105
3110
3116
3117
3119
3121
3123
3125
3126
3127
3128
3129
3130
3132
3135
3136
3137
3138
3139
3140
3141
3144
3145
3146
3147
3148
3149
3150
3151
3153
3154
3155
3157
3160
3161
3162
3163
3166
3167
3168
3172
3173
3174
3175
3178
3180
3182
3183
3184
3186
3187
3196
3197
3199
3200
3202
3203
3204
3210
3212
3213
3215
3217
3218
3219
3220
3221
3222
3223
3224
3229
3231
3236
3238
3242
3244
3245
3246
3247
3248
3249
3250
3251
3252
3253
3256
3259
3260
3261
3263
3264
3266
3267
3268
3269
3271
3273
3275
3277
3278
3281
3283
3284
3285
3289
3290
3291
3294
3296
3298
3300
3301
3302
3303
3304
3305
3307
3309
3310
3315
3317
3319
3320
3321
3322
3323
3325
3327
3328
3331
3332
3335
3340
3342
3348
3349
3350
3352
3354
3357
3364
3365
3367
3370
3373
3375
3378
3380
3381
3383
3386
3389
3391
3392
3393
3398
3401
3402
3403
3405
3406
3409
3411
3412
3413
3416
3417
3419
3422
3426
3429
3430
3431
3432
3435
3436
3437
3438
3441
3443
3446
3449
3452
3454
3456
3457
3459
3460
3463
3467
3470
3475
3476
3480
3482
3483
3486
3487
3488
3490
3492
3496
3499
3504
3505
3511
3512
3515
3516
3517
3518
3519
3520
3528
3529
3530
3531
3532
3533
3534
3538
3539
3540
3542
3543
3544
3546
3547
3550
3552
3553
3554
3556
3557
3559
3560
3561
3563
3564
3565
3566
3567
3568
3575
3576
3577
3578
3582
3583
3584
3590
3591
3596
3597
3598
3599
3601
3603
3605
3607
3612
3614
3615
3616
3625
3626
3627
3628
3629
3630
3633
3636
3637
3638
3640
3642
3643
3646
3650
3651
3654
3656
3658
3662
3664
3672
3673
3674
3679
3680
3687
3688
3690
3691
3696
3697
3699
3700
3701
3702
3704
3705
3706
3707
3710
3714
3716
3717
3719
3720
3721
3723
3724
3725
3726
3728
3729
3730
3731
3732
3734
3736
3737
3738
3741
3744
3745
3748
3749
3750
3751
3752
3755
3757
3758
3761
3763
3764
3765
3766
3767
3768
3769
3775
3776
3780
3781
3789
3790
3791
3793
3794
3795
3796
3799
3800
3801
3803
3804
3806
3807
3810
3811
3812
3813
3814
3818
3822
3823
3824
3825
3826
3827
3828
3830
3833
3834
3836
3837
3839
3840
3842
3845
3847
3848
3849
3850
3852
3856
3857
3858
3859
3860
3861
3866
3871
3874
3876
3878
3880
3881
3883
3885
3888
3889
3890
3891
3892
3896
3897
3898
3899
3902
3903
3905
3907
3908
3909
3910
3912
3913
3916
3917
3920
3921
3925
3928
3931
3932
3934
3935
3937
3940
3942
3943
3944
3945
3946
3947
3948
3954
3956
3957
3965
3966
3968
3973
3975
3978
3979
3980
3982
3983
3986
3988
3989
3990
3991
3992
3996
3997
4000
4004
4006
4007
4008
4010
4012
4013
4016
4017
4020
4023
4025
4028
4029
4031
4032
4034
4038
4039
4041
4042
4043
4047
4051
4058
4061
4062
4063
4064
4065
4066
4067
4068
4070
4072
4074
4076
4077
4080
4081
4083
4084
4085
4086
4087
4091
4094
4097
4098
4104
4105
4107
4108
4110
4111
4112
4115
4116
4119
4124
4125
4126
4128
4134
4137
4139
4140
4147
4149
4152
4153
4155
4156
4157
4158
4159
4160
4161
4165
4168
4169
4170
4171
4172
4176
4177
4178
4184
4186
4187
4191
4193
4194
4195
4196
4199
4201
4203
4205
4206
4207
4208
4210
4211
4214
4217
4219
4222
4223
4225
4227
4229
4230
4231
4232
4233
4235
4240
4241
4243
4245
4246
4247
4248
4249
4252
4254
4257
4258
4259
4260
4261
4264
4265
4266
4268
4270
4271
4274
4275
4277
4282
4284
4286
4287
4290
4291
4292
4293
4299
4302
4304
4306
4307
4308
4309
4310
4312
4314
4320
4324
4326
4331
4332
4333
4335
4337
4340
4341
4343
4348
4350
4355
4356
4359
4361
4362
4363
4367
4369
4370
4371
4377
4380
4384
4385
4387
4389
4393
4394
4395
4397
4398
4401
4402
4404
4413
4414
4415
4417
4418
4424
4425
4426
4427
4428
4432
4433
4438
4441
4443
4444
4445
4447
4448
4449
4450
4452
4453
4456
4458
4462
4463
4464
4465
4466
4468
4472
4473
4475
4476
4477
4478
4479
4483
4484
4486
4487
4488
4489
4492
4494
4495
4498
4500
4501
4504
4505
4509
4511
4513
4515
4516
4519
4522
4529
4530
4531
4536
4538
4540
4542
4543
4545
4546
4548
4549
4552
4556
4559
4560
4561
4562
4563
4564
4565
4566
4567
4569
4570
4571
4573
4574
4575
4577
4581
4584
4585
4586
4587
4591
4592
4593
4594
4595
4598
4599
4601
4608
4612
4614
4617
4618
4619
4620
4621
4627
4630
4631
4632
4633
4636
4638
4641
4642
4643
4646
4647
4652
4653
4658
4659
4660
4662
4667
4668
4671
4672
4674
4676
4677
4679
4680
4684
4685
4686
4687
4688
4690
4691
4692
4694
4695
4699
4700
4702
4704
4708
4709
4710
4712
4713
4715
4716
4718
4719
4721
4723
4725
4731
4736
4744
4745
4746
4748
4751
4752
4755
4756
4757
4758
4759
4761
4764
4765
4766
4769
4771
4772
4776
4780
4786
4787
4791
4792
4793
4795
4796
4797
4798
4800
4810
4811
4812
4813
4814
4816
4817
4818
4819
4822
4824
4829
4830
4833
4834
4836
4838
4839
4843
4846
4847
4849
4850
4851
4854
4855
4856
4857
4861
4862
4864
4866
4867
4874
4875
4877
4880
4881
4882
4883
4884
4885
4887
4888
4891
4893
4895
4897
4898
4900
4901
4903
4906
4911
4917
4919
4920
4921
4922
4923
4925
4930
4932
4933
4935
4937
4943
4945
4946
4947
4952
4958
4959
4962
4963
4964
4966
4968
4969
4970
4971
4972
4974
4978
4980
4985
4987
4989
4990
4991
4994
4995
4996
4997
4998
5001
5004
5005
5008
5009
5012
5015
5017
5022
5026
5029
5034
5040
5041
5044
5045
5047
5049
5051
5053
5056
5059
5061
5062
5063
5064
5065
5066
5069
5072
5073
5074
5075
5076
5078
5079
5080
5082
5084
5085
5088
5089
5092
5093
5099
5100
5101
5102
5103
5105
5108
5110
5115
5116
5118
5119
5120
5122
5127
5128
5129
5130
5133
5134
5136
5137
5138
5141
5143
5145
5147
5148
5149
5150
5152
5153
5158
5161
5163
5164
5166
5167
5170
5173
5175
5176
5178
5179
5180
5185
5190
5192
5193
5198
5199
5200
5201
5202
5203
5204
5205
5210
5211
5212
5213
5214
5217
5218
5220
5221
5222
5223
5225
5227
5228
5231
5233
5234
5236
5237
5242
5243
5245
5247
5248
5256
5259
5262
5264
5265
5267
5270
5272
5273
5274
5275
5282
5283
5285
5286
5289
5293
5294
5295
5296
5298
5300
5302
5304
5309
5310
5313
5314
5315
5318
5319
5320
5322
5324
5325
5327
5328
5331
5332
5333
5337
5339
5341
5346
5347
5349
5350
5351
5352
5355
5358
5359
5360
5361
5363
5366
5367
5368
5370
5371
5373
5374
5376
5377
5378
5380
5381
5384
5388
5392
5393
5394
5395
5397
5398
5400
5401
5402
5404
5405
5406
5407
5412
5413
5416
5417
5418
5420
5421
5425
5427
5429
5431
5434
5435
5436
5437
5440
5442
5443
5444
5445
5446
5450
5452
5453
5455
5458
5459
5460
5461
5463
5465
5466
5474
5475
5476
5477
5481
5484
5485
5486
5487
5490
5491
5493
5496
5501
5503
5505
5506
5509
5511
5512
5516
5517
5518
5519
5520
5524
5527
5531
5532
5534
5537
5542
5543
5544
5545
5546
5547
5548
5550
5551
5553
5555
5560
5562
5563
5564
5565
5566
5568
5573
5575
5577
5578
5580
5581
5584
5585
5589
5593
5596
5597
5601
5603
5605
5607
5608
5609
5610
5612
5617
5618
5621
5623
5625
5627
5628
5632
5633
5634
5637
5638
5639
5642
5644
5646
5647
5649
5651
5654
5659
5660
5661
5664
5667
5671
5675
5679
5680
5681
5685
5686
5689
5691
5692
5694
5695
5696
5699
5703
5704
5705
5706
5712
5713
5714
5715
5716
5717
5719
5720
5721
5722
5724
5727
5729
5730
5731
5732
5736
5737
5738
5739
5744
5746
5747
5748
5749
5753
5755
5757
5760
5761
5762
5764
5766
5767
5768
5769
5770
5771
5772
5773
5775
5779
5781
5783
5784
5785
5789
5790
5792
5794
5795
5797
5798
5801
5804
5805
5813
5814
5816
5817
5818
5820
5821
5825
5826
5830
5833
5834
5835
5836
5837
5839
5840
5842
5843
5844
5846
5850
5851
5852
5854
5858
5862
5863
5864
5866
5867
5868
5869
5870
5871
5872
5874
5877
5880
5883
5886
5889
5890
5891
5892
5895
5899
5900
5903
5904
5906
5908
5909
5911
5912
5915
5916
5917
5918
5920
5922
5923
5929
5930
5931
5932
5934
5936
5937
5939
5942
5943
5944
5946
5947
5950
5952
5956
5957
5959
5963
5964
5965
5969
5970
5973
5975
5976
5978
5980
5982
5985
5986
5987
5988
5989
5992
5994
5995
5996
5997
5998
5999
6002
6003
6007
6013
6014
6017
6021
6023
6025
6028
6029
6030
6032
6033
6034
6035
6036
6048
6050
6052
6053
6054
6057
6061
6062
6070
6071
6072
6073
6074
6075
6083
6085
6087
6091
6096
6098
6101
6102
6104
6106
6108
6109
6110
6111
6112
6115
6116
6117
6118
6119
6124
6125
6129
6132
6133
6135
6137
6138
6144
6145
6146
6151
6152
6154
6155
6157
6159
6160
6161
6162
6164
6165
6166
6167
6168
6169
6170
6171
6172
6173
6176
6178
6179
6182
6183
6184
6185
6186
6187
6189
6190
6192
6193
6194
6196
6201
6203
6206
6210
6213
6214
6215
6216
6220
6221
6224
6225
6226
6227
6231
6232
6236
6241
6242
6243
6245
6246
6249
6250
6252
6253
6256
6258
6260
6263
6265
6267
6268
6269
6270
6271
6272
6274
6276
6277
6278
6279
6282
6283
6286
6287
6289
6290
6291
6292
6293
6296
6298
6299
6300
6301
6304
6308
6313
6314
6316
6317
6318
6319
6320
6321
6322
6323
6324
6327
6330
6332
6333
6335
6336
6337
6340
6341
6345
6349
6351
6352
6353
6354
6356
6357
6358
6360
6363
6364
6365
6367
6371
6372
6373
6374
6375
6377
6380
6385
6386
6387
6394
6395
6396
6398
6403
6404
6406
6411
6412
6415
6416
6418
6421
6422
6423
6424
6427
6428
6430
6431
6432
6433
6439
6441
6442
6446
6451
6453
6454
6460
6464
6465
6467
6470
6471
6473
6474
6475
6477
6478
6479
6482
6484
6487
6488
6490
6494
6496
6500
6502
6503
6505
6506
6507
6509
6510
6511
6515
6521
6525
6528
6530
6532
6534
6538
6540
6541
6542
6543
6550
6551
6553
6555
6559
6563
6566
6567
6573
6575
6579
6581
6582
6583
6585
6587
6589
6590
6593
6594
6595
6597
6598
6599
6601
6602
6603
6606
6607
6610
6611
6612
6613
6614
6615
6616
6617
6619
6621
6622
6625
6628
6629
6630
6631
6632
6633
6637
6638
6641
6644
6649
6651
6652
6655
6657
6658
6659
6660
6661
6662
6664
6667
6668
6674
6675
6679
6680
6681
6684
6689
6695
6696
6697
6698
6700
6703
6705
6707
6708
6710
6712
6713
6714
6715
6718
6719
6721
6722
6723
6724
6727
6728
6729
6731
6733
6734
6735
6736
6738
6740
6743
6744
6746
6748
6749
6750
6751
6752
6756
6758
6764
6766
6768
6769
6772
6773
6778
6783
6784
6785
6786
6791
6792
6793
6796
6798
6805
6806
6807
6808
6809
6813
6814
6815
6817
6819
6821
6822
6824
6825
6826
6827
6830
6831
6839
6841
6842
6843
6848
6850
6853
6855
6856
6857
6859
6861
6862
6863
6864
6865
6866
6867
6868
6871
6872
6873
6875
6876
6877
6879
6880
6881
6882
6883
6884
6885
6887
6888
6890
6892
6894
6895
6897
6900
6905
6906
6908
6909
6911
6912
6913
6916
6918
6919
6922
6924
6925
6926
6927
6929
6931
6934
6936
6938
6939
6940
6942
6943
6946
6947
6948
6949
6951
6953
6958
6963
6964
6966
6968
6974
6976
6979
6981
6982
6984
6986
6989
6990
6991
6993
6994
6995
6996
6999
7001
7003
7005
7007
7010
7012
7013
7014
7016
7019
7021
7022
7023
7024
7029
7030
7032
7033
7035
7036
7037
7039
7042
7043
7047
7049
7052
7053
7054
7056
7057
7058
7062
7064
7067
7071
7074
7076
7077
7078
7079
7080
7081
7082
7085
7087
7088
7089
7091
7092
7093
7095
7096
7097
7098
7101
7104
7105
7106
7110
7111
7112
7116
7118
7122
7124
7125
7126
7127
7129
7131
7132
7135
7137
7138
7139
7142
7143
7146
7147
7151
7153
7154
7155
7158
7162
7163
7164
7168
7169
7171
7172
7173
7174
7177
7178
7180
7182
7184
7185
7189
7190
7192
7193
7194
7196
7197
7200
7207
7208
7209
7212
7214
7215
7216
7217
7225
7227
7228
7229
7232
7234
7236
7238
7239
7241
7242
7244
7245
7248
7249
7251
7252
7256
7257
7260
7261
7262
7263
7265
7267
7272
7274
7278
7280
7287
7291
7292
7293
7297
7299
7303
7305
7306
7307
7308
7309
7311
7312
7315
7317
7318
7319
7320
7322
7324
7326
7327
7329
7330
7331
7332
7333
7334
7335
7336
7349
7350
7354
7356
7359
7360
7361
7363
7364
7365
7368
7369
7371
7372
7375
7377
7379
7380
7381
7384
7385
7389
7390
7393
7394
7395
7397
7398
7399
7402
7409
7411
7412
7414
7415
7418
7419
7421
7422
7423
7425
7426
7428
7430
7432
7435
7436
7437
7441
7442
7443
7448
7449
7451
7453
7457
7458
7461
7462
7464
7465
7466
7467
7468
7469
7470
7471
7476
7477
7478
7480
7482
7483
7484
7487
7491
7492
7493
7495
7497
7498
7499
7500
7504
7507
7510
7516
7517
7518
7521
7523
7524
7527
7528
7529
7531
7533
7536
7537
7541
7544
7546
7549
7550
7551
7552
7557
7558
7560
7561
7562
7564
7571
7572
7574
7575
7577
7578
7579
7581
7582
7583
7585
7586
7587
7589
7590
7593
7597
7603
7604
7606
7607
7608
7610
7611
7614
7615
7616
7621
7623
7627
7630
7631
7634
7637
7638
7639
7640
7641
7647
7651
7652
7653
7655
7656
7658
7659
7661
7664
7666
7669
7670
7671
7673
7676
7677
7678
7680
7683
7685
7689
7690
7691
7696
7698
7700
7701
7703
7704
7705
7710
7712
7713
7715
7717
7718
7719
7721
7724
7725
7727
7731
7732
7733
7734
7735
7736
7738
7740
7747
7749
7750
7753
7755
7758
7759
7761
7763
7764
7767
7769
7770
7772
7774
7778
7780
7781
7783
7784
7786
7788
7789
7792
7794
7795
7796
7797
7798
7799
7800
7801
7802
7804
7806
7807
7808
7809
7813
7814
7815
7817
7819
7820
7821
7822
7827
7831
7832
7834
7835
7837
7843
7845
7848
7849
7850
7853
7854
7856
7857
7858
7861
7863
7866
7872
7875
7876
7877
7879
7881
7882
7884
7890
7891
7892
7893
7894
7896
7897
7901
7904
7906
7908
7909
7911
7912
7913
7914
7918
7919
7920
7921
7923
7924
7925
7928
7929
7931
7933
7934
7941
7942
7943
7945
7946
7948
7949
7950
7954
7955
7958
7960
7961
7962
7963
7964
7966
7967
7968
7970
7971
7972
7973
7976
7977
7979
7984
7985
7986
7987
7988
7990
7991
7992
7994
7995
7996
7999
8003
8004
8005
8009
8012
8014
8019
8021
8022
8027
8029
8031
8032
8033
8036
8037
8038
8046
8047
8050
8051
8054
8056
8057
8061
8062
8064
8069
8070
8071
8072
8075
8077
8078
8079
8080
8082
8087
8091
8092
8093
8094
8095
8096
8098
8099
8100
8101
8105
8106
8107
8108
8110
8111
8112
8113
8117
8119
8121
8123
8125
8127
8129
8131
8132
8133
8136
8137
8140
8141
8142
8145
8146
8147
8150
8152
8156
8158
8161
8163
8165
8166
8167
8168
8169
8172
8174
8177
8178
8179
8181
8182
8183
8184
8186
8191
8192
8193
8194
8195
8196
8197
8198
8200
8201
8202
8206
8207
8211
8212
8214
8217
8219
8220
8222
8226
8227
8228
8234
8238
8242
8246
8247
8248
8249
8252
8254
8256
8258
8267
8269
8270
8272
8273
8279
8282
8284
8285
8286
8287
8289
8291
8292
8294
8296
8299
8300
8302
8304
8307
8312
8314
8315
8317
8318
8319
8320
8324
8328
8329
8332
8334
8335
8338
8339
8342
8343
8345
8347
8348
8354
8355
8362
8368
8369
8371
8373
8374
8375
8377
8380
8381
8384
8386
8388
8389
8390
8392
8393
8394
8396
8400
8401
8402
8404
8405
8412
8414
8421
8422
8424
8425
8426
8430
8436
8437
8438
8439
8440
8441
8444
8446
8450
8451
8454
8456
8458
8462
8465
8468
8472
8473
8474
8478
8479
8480
8485
8487
8495
8496
8497
8498
8500
8501
8507
8508
8509
8511
8513
8514
8515
8516
8517
8518
8519
8520
8522
8526
8531
8533
8535
8538
8539
8540
8542
8543
8544
8545
8546
8548
8551
8554
8555
8556
8561
8563
8565
8568
8570
8571
8574
8575
8577
8579
8581
8583
8585
8586
8587
8588
8589
8590
8593
8594
8595
8598
8601
8603
8606
8607
8608
8611
8614
8617
8622
8623
8626
8627
8633
8639
8640
8645
8646
8647
8648
8649
8650
8651
8653
8656
8657
8659
8662
8664
8665
8667
8671
8672
8673
8675
8679
8680
8681
8683
8684
8686
8689
8690
8692
8693
8694
8695
8697
8698
8705
8707
8710
8712
8714
8715
8716
8717
8718
8722
8725
8726
8728
8729
8733
8735
8736
8739
8740
8741
8743
8744
8745
8747
8749
8750
8752
8753
8757
8758
8759
8763
8766
8767
8768
8769
8770
8775
8776
8783
8785
8787
8788
8790
8794
8799
8800
8801
8804
8805
8806
8808
8814
8816
8817
8821
8823
8826
8827
8830
8833
8835
8836
8837
8838
8842
8844
8845
8846
8849
8851
8853
8865
8866
8867
8868
8872
8874
8875
8876
8877
8878
8881
8884
8887
8888
8889
8892
8894
8895
8897
8899
8900
8902
8903
8904
8905
8906
8908
8909
8910
8911
8912
8914
8915
8916
8917
8918
8920
8921
8924
8927
8929
8935
8936
8938
8939
8941
8945
8946
8948
8949
8951
8952
8954
8955
8956
8957
8959
8960
8961
8964
8966
8967
8970
8973
8974
8977
8978
8979
8982
8983
8984
8985
8986
8987
8988
8990
8991
8992
8993
8994
8995
8996
8998
8999
9004
9005
9006
9008
9012
9014
9017
9020
9021
9022
9026
9029
9031
9032
9034
9035
9036
9038
9045
9053
9054
9055
9056
9057
9061
9062
9064
9065
9066
9067
9068
9070
9071
9074
9079
9081
9083
9087
9092
9093
9094
9095
9101
9102
9104
9106
9107
9110
9111
9113
9114
9115
9121
9123
9124
9126
9127
9130
9131
9132
9133
9134
9136
9137
9138
9141
9142
9145
9146
9148
9149
9151
9152
9155
9156
9160
9161
9162
9163
9165
9167
9168
9169
9173
9175
9181
9182
9183
9186
9188
9190
9191
9195
9196
9199
9201
9207
9209
9211
9212
9213
9214
9217
9220
9223
9224
9225
9227
9229
9232
9233
9235
9236
9237
9239
9240
9242
9243
9246
9248
9249
9251
9253
9254
9256
9257
9258
9259
9261
9262
9264
9266
9267
9269
9270
9273
9277
9279
9281
9282
9283
9284
9285
9286
9287
9289
9291
9293
9295
9297
9299
9300
9301
9302
9304
9308
9313
9314
9316
9317
9319
9321
9322
9330
9331
9332
9333
9335
9336
9337
9338
9340
9343
9344
9345
9346
9349
9352
9353
9356
9357
9358
9363
9364
9365
9366
9368
9372
9373
9376
9378
9380
9381
9382
9384
9385
9386
9390
9391
9392
9393
9394
9396
9398
9400
9403
9405
9406
9407
9409
9410
9411
9412
9415
9416
9421
9422
9423
9424
9426
9429
9430
9431
9432
9433
9434
9435
9436
9437
9439
9442
9443
9447
9448
9449
9451
9454
9456
9457
9458
9459
9460
9462
9464
9465
9466
9468
9470
9472
9473
9474
9477
9478
9479
9480
9481
9482
9483
9491
9493
9496
9497
9505
9506
9508
9511
9512
9514
9515
9516
9517
9520
9523
9524
9526
9527
9529
9531
9532
9533
9535
9536
9537
9538
9540
9542
9544
9545
9546
9547
9548
9550
9551
9552
9555
9556
9557
9558
9559
9566
9571
9573
9574
9575
9577
9580
9581
9582
9584
9585
9588
9589
9590
9591
9595
9598
9600
9604
9606
9607
9608
9609
9610
9616
9617
9618
9619
9624
9625
9628
9629
9631
9633
9634
9635
9636
9641
9642
9645
9646
9648
9649
9650
9651
9654
9660
9664
9665
9668
9669
9674
9679
9680
9681
9682
9683
9684
9685
9686
9688
9689
9690
9693
9694
9696
9699
9700
9701
9703
9706
9709
9710
9715
9716
9717
9718
9721
9722
9723
9725
9726
9727
9729
9732
9733
9735
9736
9738
9740
9742
9744
9745
9746
9748
9751
9755
9758
9759
9761
9762
9763
9764
9765
9766
9767
9769
9773
9777
9778
9779
9780
9784
9786
9788
9790
9792
9794
9795
9796
9801
9808
9809
9810
9812
9814
9819
9820
9821
9822
9824
9826
9827
9829
9830
9831
9834
9835
9836
9838
9840
9842
9843
9844
9845
9850
9851
9853
9854
9857
9858
9859
9860
9864
9865
9866
9867
9869
9870
9871
9872
9873
9878
9879
9880
9881
9883
9885
9887
9888
9889
9892
9895
9896
9897
9901
9904
9905
9906
9907
9908
9910
9911
9912
9914
9915
9916
9919
9920
9921
9923
9927
9931
9932
9934
9935
9936
9937
9940
9942
9944
9945
9946
9947
9948
9952
9953
9954
9955
9956
9958
9960
9961
9963
9964
9965
9972
9973
9975
9977
9978
9980
9983
9984
9986
9987
9989
9990
9991
9992
9995
9997
9998
9999
10000
10002
10009
10010
10011
10015
10016
10017
10019
10020
10023
10024
10026
10028
10029
10031
10032
10033
10036
10041
10042
10044
10052
10054
10056
10059
10060
10061
10063
10064
10067
10071
10073
10076
10079
10081
10083
10085
10088
10091
10092
10094
10095
10096
10098
10099
10101
10106
10108
10110
10111
10113
10114
10116
10118
10121
10123
10126
10127
10128
10129
10131
10132
10133
10135
10137
10141
10142
10143
10144
10145
10146
10147
10149
10150
10151
10153
10159
10162
10164
10166
10167
10169
10171
10172
10178
10180
10182
10183
10184
10186
10190
10192
10194
10195
10196
10199
10200
10201
10202
10203
10206
10207
10209
10210
10212
10223
10226
10227
10228
10231
10233
10234
10236
10238
10239
10240
10243
10244
10246
10248
10249
10252
10253
10254
10256
10258
10261
10262
10264
10266
10268
10269
10272
10274
10275
10277
10280
10282
10284
10285
10289
10292
10296
10297
10300
10301
10303
10304
10305
10306
10307
10309
10311
10313
10316
10317
10319
10321
10323
10324
10325
10332
10333
10336
10337
10338
10345
10348
10349
10350
10351
10352
10353
10357
10359
10360
10361
10362
10365
10366
10369
10372
10373
10375
10377
10378
10379
10380
10381
10384
10385
10390
10391
10393
10394
10397
10399
10402
10404
10405
10407
10414
10415
10418
10419
10420
10421
10422
10424
10425
10429
10430
10432
10433
10434
10437
10439
10440
10441
10444
10446
10447
10449
10453
10456
10460
10461
10462
10463
10464
10466
10470
10472
10473
10474
10476
10477
10478
10483
10486
10488
10489
10490
10493
10496
10497
10498
10500
10503
10504
10505
10507
10508
10509
10511
10514
10515
10516
10517
10518
10519
10520
10521
10524
10525
10526
10529
10531
10533
10534
10536
10538
10539
10540
10541
10543
10544
10545
10546
10549
10552
10554
10555
10557
10558
10559
10561
10562
10565
10566
10567
10568
10569
10573
10574
10576
10578
10580
10582
10584
10585
10586
10590
10591
10592
10593
10594
10597
10601
10606
10608
10609
10612
10613
10614
10616
10617
10618
10619
10623
10625
10628
10629
10630
10631
10639
10641
10642
10643
10644
10645
10648
10650
10651
10652
10653
10659
10660
10661
10662
10663
10664
10667
10668
10671
10673
10676
10677
10682
10683
10684
10687
10688
10690
10692
10695
10696
10699
10700
10702
10707
10714
10715
10717
10719
10720
10723
10725
10727
10729
10731
10733
10735
10736
10737
10739
10741
10743
10745
10751
10752
10753
10755
10756
10757
10760
10763
10764
10767
10768
10769
10770
10773
10775
10778
10780
10781
10782
10785
10789
10790
10794
10797
10798
10804
10805
10806
10808
10810
10811
10812
10815
10818
10819
10820
10821
10824
10827
10830
10831
10834
10837
10840
10842
10845
10847
10849
10850
10854
10856
10857
10859
10861
10867
10868
10870
10875
10877
10879
10880
10885
10886
10887
10888
10889
10891
10893
10895
10896
10898
10902
10903
10905
10910
10914
10915
10916
10917
10918
10919
10920
10922
10923
10928
10931
10934
10935
10937
10938
10940
10941
10942
10944
10945
10946
10951
10952
10954
10959
10960
10961
10962
10963
10964
10966
10969
10970
10975
10976
10981
10982
10985
10988
10990
10992
10995
10998
10999
11000
11004
11005
11009
11012
11014
11016
11019
11020
11022
11023
11025
11026
11027
11029
11030
11031
11033
11034
11036
11038
11039
11040
11041
11042
11044
11045
11046
11047
11048
11049
11050
11051
11052
11056
11059
11060
11061
11063
11064
11066
11067
11070
11072
11073
11075
11077
11080
11084
11085
11086
11088
11091
11092
11093
11094
11096
11098
11102
11103
11104
11105
11108
11110
11111
11115
11118
11119
11121
11122
11123
11126
11127
11128
11130
11132
11133
11134
11135
11138
11141
11143
11145
11146
11149
11151
11153
11155
11157
11159
11162
11164
11165
11166
11167
11168
11170
11171
11175
11176
11177
11178
11179
11181
11182
11183
11184
11185
11187
11189
11191
11192
11193
11194
11195
11197
11198
11199
11202
11203
11204
11205
11221
11225
11228
11229
11234
11239
11241
11242
11246
11249
11251
11255
11256
11257
11258
11261
11262
11263
11266
11269
11271
11276
11278
11280
11285
11286
11288
11290
11291
11292
11293
11294
11295
11296
11298
11300
11302
11304
11305
11306
11308
11310
11311
11313
11315
11317
11318
11319
11320
11321
11323
11324
11325
11327
11328
11329
11331
11335
11338
11339
11340
11344
11345
11349
11352
11354
11356
11357
11361
11362
11363
11368
11371
11374
11375
11377
11381
11382
11386
11388
11389
11390
11391
11392
11395
11396
11397
11398
11399
11400
11401
11403
11410
11411
11412
11413
11414
11415
11417
11418
11419
11420
11423
11427
11429
11430
11431
11433
11434
11436
11438
11439
11442
11445
11448
11450
11452
11454
11455
11456
11457
11458
11459
11461
11466
11467
11468
11471
11472
11477
11478
11481
11482
11485
11486
11487
11488
11490
11495
11496
11498
11504
11505
11507
11508
11511
11512
11515
11517
11519
11523
11528
11529
11531
11535
11537
11538
11540
11542
11550
11551
11554
11555
11558
11559
11560
11561
11563
11566
11567
11571
11576
11577
11578
11579
11580
11584
11585
11587
11588
11589
11591
11592
11598
11600
11602
11603
11604
11606
11608
11609
11610
11611
11615
11618
11619
11620
11623
11626
11631
11634
11635
11636
11639
11647
11652
11658
11659
11660
11662
11663
11665
11666
11668
11672
11675
11676
11679
11681
11682
11683
11684
11685
11688
11690
11691
11692
11693
11697
11698
11699
11700
11703
11704
11707
11708
11709
11710
11711
11712
11713
11714
11716
11718
11719
11720
11721
11722
11723
11724
11725
11731
11736
11739
11742
11744
11749
11750
11751
11753
11754
11755
11758
11759
11762
11764
11766
11768
11769
11770
11772
11773
11775
11776
11777
11779
11781
11787
11791
11792
11793
11795
11801
11802
11804
11805
11808
11809
11810
11811
11813
11814
11815
11816
11817
11821
11822
11824
11829
11831
11832
11833
11834
11836
11837
11840
11841
11845
11847
11850
11854
11855
11856
11857
11859
11861
11864
11865
11868
